{
 "cells": [
  {
   "cell_type": "markdown",
   "id": "0",
   "metadata": {},
   "source": [
    "# 0. Background\n",
    "\n",
    "This is my implementation of the method from [Zhang et al 2004. *Estimation of saturated pixel values in digital color imaging*](zotero://select/items/1_HT3U4PF3). It is a Bayesian approach to estimating the true value of a saturated pixel, based on information in the unsaturated bands.\n",
    "\n",
    "How the algorithm works:\n",
    "\n",
    "**1. Estimate the prior distribution from clean water pixels.**\n",
    "\n",
    "A multivariate normal prior is fit to a random sample of pixels that are: water, unsaturated in all bands, not edge-contaminated, and not invalid. Only water pixels are used so that the prior captures inter-band spectral relationships in the water column (rather than land surfaces, which are not used downstream)\n",
    "\n",
    "**2. For each corrupt pixel, compute the conditional distribution.**\n",
    "\n",
    "A pixel is *corrupt* if any band is saturated or edge-contaminated. Given the observed values in the clean bands, the conditional distribution of the corrupt bands is Zhang et al., Eq. 3.\n",
    "\n",
    "**3. Estimate the true value from the conditional distribution.**\n",
    "\n",
    "The treatment differs by corruption type:\n",
    "\n",
    "- **Saturated bands**: the true value is known to exceed the saturation threshold $s$. The conditional mean is corrected upward using the truncated-normal mean (Zhang et al., Eq. 11):\n",
    "\n",
    "- **Edge-contaminated bands**: the observed value is below threshold but biased by adjacency to saturated clusters. The conditional mean is used directly, with no truncation correction.\n",
    "\n",
    "Pixels with more corrupt bands than `MAX_FILLED_BANDS` are set to NaN. The correction is applied image-wide (not water-only) because the pre-correction water mask misclassifies some saturated shallow water pixels as land; downstream water masking is applied after correction.\n",
    "\n",
    "NOTE: Now that the algorithm accepts edge-contaminated pixels → need to rename MAX_N_OF_SATURATED bands to something more suitable (i.e `MAX_CORRUPT_BANDS`)"
   ]
  },
  {
   "cell_type": "code",
   "execution_count": 8,
   "id": "1",
   "metadata": {},
   "outputs": [],
   "source": [
    "import rasterio\n",
    "from rasterio.windows import Window\n",
    "from rasterio.enums import Resampling\n",
    "import numpy as np\n",
    "import rioxarray as rxr\n",
    "from sklearn.model_selection import train_test_split\n",
    "import pandas as pd\n",
    "\n",
    "from joblib import Parallel, delayed\n",
    "\n",
    "from pathlib import Path\n",
    "import pystac\n",
    "\n",
    "from tqdm.notebook import tqdm\n",
    "\n",
    "from scipy import stats\n"
   ]
  },
  {
   "cell_type": "code",
   "execution_count": 9,
   "id": "2",
   "metadata": {},
   "outputs": [],
   "source": [
    "import sys\n",
    "sys.path.insert(0, \"..\")"
   ]
  },
  {
   "cell_type": "code",
   "execution_count": 10,
   "id": "3",
   "metadata": {},
   "outputs": [],
   "source": [
    "from helpers.wv2 import load_mask\n",
    "from helpers.shared import combine_masks, assert_grid_match"
   ]
  },
  {
   "cell_type": "markdown",
   "id": "4",
   "metadata": {},
   "source": [
    "# 1. Config"
   ]
  },
  {
   "cell_type": "code",
   "execution_count": 11,
   "id": "5",
   "metadata": {},
   "outputs": [],
   "source": [
    "from config import *\n",
    "\n",
    "# -- Input Data ------------------------------------------------------------------------------\n",
    "STAC_DIR                    = Path(\"../stac/\")\n",
    "CATALOG                     = pystac.Catalog.from_file(STAC_DIR / \"catalog.json\")\n",
    "INPUT_ASSET                 = \"clip\"\n",
    "MASK_ASSETS                 = [\"saturation-mask\", \"invalid-mask\", \"edge-mask\", \"water-mask\"]\n",
    "\n",
    "# -- Algorithm Parameters --------------------------------------------------------------------\n",
    "MAX_FILLED_BANDS    = 3\n",
    "NOISE_VARIANCE              = 1e-4      # See note below\n",
    "SAMPLE_SIZE                 = 10_000\n",
    "SEED                        = 42\n",
    "\n",
    "# -- Processing Options ----------------------------------------------------------------------\n",
    "CHUNKS                      = 512       # Chunk size to process everything in / for tiles\n",
    "PARALLELISE                 = True      # Whether or not to use more than 1 CPU core\n",
    "N_WORKERS                   = 8         # How many CPU cores to utilise\n",
    "RAM_USAGE                   = 4096      # Max limit for loading into memory\n",
    "\n",
    "# -- Output Options --------------------------------------------------------------------------\n",
    "OUT_DIR                     = Path('../out/sat_corr/')\n",
    "MKDIR                       = True      # Make OUT_DIR if it doesn't exist\n",
    "OUT_NAME                    = \"sat-corr\"\n",
    "OUT_EXT                     = \"tif\"\n",
    "\n",
    "# -- Execution Flags -------------------------------------------------------------------------\n",
    "OVERWRITE                   = True      # Whether the output should be overwritten"
   ]
  },
  {
   "cell_type": "code",
   "execution_count": 12,
   "id": "6",
   "metadata": {},
   "outputs": [],
   "source": [
    "OUT_DIR.mkdir(exist_ok=MKDIR)"
   ]
  },
  {
   "cell_type": "markdown",
   "id": "7",
   "metadata": {},
   "source": [
    "# Note on Max Number of Saturated Bands (`MAX_FILLED_BANDS`)\n",
    "\n",
    "`MAX_FILLED_BANDS` caps predictions at pixels with <=N saturated bands. The algorithm estimates saturated bands from non-saturated ones. Thus more saturated bands means fewer predictive bands and lower accuracy.\n",
    "\n",
    "Zhang et al 2004 validated up to 2 saturated bands on RGB. With 8 multispectral bands, we can safely predict up to 3 saturated bands (leaving 5 for estimation). Most saturated pixels have <=2-3 bands, so `MAX_FILLED_BANDS`=2-3 is recommended."
   ]
  },
  {
   "cell_type": "markdown",
   "id": "8",
   "metadata": {},
   "source": [
    "# Note on Noise Variance (`NOISE_VARIANCE`)\n",
    "\n",
    "According to the Zhang, $e_k$ is \"a column vector with independent and identically distributed noise elements\":\n",
    "\n",
    "$$Y_k = X_k + e_k$$\n",
    "\n",
    "Where $Y_k$ is the observed values of the nonsaturated sensors, i.e the true value $X_k$ plus measurement noise\n",
    "\n",
    "The joint distribution of ${X_s}$ and ${Y_k}$ is:\n",
    "\n",
    "$$\\begin{pmatrix} \n",
    "X_s \\\\ \n",
    "X_k + e_k \n",
    "\\end{pmatrix} = \\begin{pmatrix} \n",
    "X_s \\\\ \n",
    "Y_k \n",
    "\\end{pmatrix} \\sim N\\left(\\begin{pmatrix} \n",
    "\\mu_s \\\\ \n",
    "\\mu_k \n",
    "\\end{pmatrix}, \\begin{pmatrix} \n",
    "S_s & S_{sk} \\\\ \n",
    "S_{sk} & S_k + S_{ek} \n",
    "\\end{pmatrix}\\right) \\quad$$\n",
    "\n",
    "where $S_{e_k}$ is an ${n_k} \\times {n_k}$ diagonal matrix with identical diagonal elements $\\sigma_e$ (i.e the standard deviation of error for the band)\n",
    "\n",
    "## Specifying `NOISE_VARIANCE`\n",
    "\n",
    "The paper provides no guidance on how to set the noise variance. Ideally, we would know the difference between observed and true sensor values to estimate the noise variance for each band directly. I was thinking that we might be able to use the signal-to-noise ratio (SNR) since a definition of SNR is signal/noise. Coffer et al. 2020 provide measurements of SNR for different bands of WorldView-2 over coastal seagrass systems, defined as \"the ratio between the standard deviation and the mean of the satellite signal for each band\" (Dadon et al. 2011). However, sadly they use the alt definition $SNR = \\mu/\\sigma$ (coefficient of variation), which is not directly translatable to Zhang. Thus I cannot uniquely determine​ Zhang's $\\Sigma_{e_k}$ from Coffer's data alone without additional assumptions. This remains unresolved and is deferred for future investigation.\n",
    "\n",
    "## Setting `NOISE_VARIANCE`\n",
    "\n",
    "In the meantime, I assume that noise is:\n",
    "1. negligible for a modern sensor\n",
    "2. contributes minimally\n",
    "\n",
    "Thus, for now, for an SR distribution normalised to [0,1], I set `NOISE_VARIANCE = 1e-4`."
   ]
  },
  {
   "cell_type": "code",
   "execution_count": 13,
   "id": "9",
   "metadata": {},
   "outputs": [
    {
     "name": "stdout",
     "output_type": "stream",
     "text": [
      "4 item(s) found:\n",
      "ID: wv2-20110610 | Date: 2011-06-10 00:30:00+00:00 | Path: C:/Users/samla/study/25-SEM3.ENVM7133/ENVM7133/out/clip/wv2-20110610-clip.tif\n",
      "ID: wv2-20120620 | Date: 2012-06-20 00:30:00+00:00 | Path: C:/Users/samla/study/25-SEM3.ENVM7133/ENVM7133/out/clip/wv2-20120620-clip.tif\n",
      "ID: wv2-20140714 | Date: 2014-07-14 00:30:00+00:00 | Path: C:/Users/samla/study/25-SEM3.ENVM7133/ENVM7133/out/clip/wv2-20140714-clip.tif\n",
      "ID: wv2-20150701 | Date: 2015-07-01 00:30:00+00:00 | Path: C:/Users/samla/study/25-SEM3.ENVM7133/ENVM7133/out/clip/wv2-20150701-clip.tif\n"
     ]
    }
   ],
   "source": [
    "wv2_col = CATALOG.get_child(\"wv2-imagery\")\n",
    "wv2_items = list(wv2_col.get_items())\n",
    "\n",
    "tqdm.write(f\"{len(wv2_items)} item(s) found:\")\n",
    "for item in wv2_items:\n",
    "    tqdm.write(f\"ID: {item.id} | Date: {item.datetime} | Path: {item.assets[INPUT_ASSET].href}\")"
   ]
  },
  {
   "cell_type": "markdown",
   "id": "10",
   "metadata": {},
   "source": [
    "# Correction"
   ]
  },
  {
   "cell_type": "markdown",
   "id": "11",
   "metadata": {},
   "source": [
    "## Prior Distribution\n",
    "\n",
    "\"If the image is not massively saturated, most of the pixel values will be valid. We can thus use the empirical mean and covariance of the nonsaturated pixels as the parameters of the prior multivariate normal distribution.\" I implement random sampling of all valid pixels (i.e with no saturation in any band)"
   ]
  },
  {
   "cell_type": "code",
   "execution_count": 14,
   "id": "12",
   "metadata": {},
   "outputs": [],
   "source": [
    "# def prior_dist(da, mask, sample_size=10000, seed=42):\n",
    "#     n_bands, h, w = mask.shape\n",
    "#     np.random.seed(seed)\n",
    "    \n",
    "#     n_pixels = h * w\n",
    "#     if isinstance(sample_size, float) and 0 < sample_size < 1:\n",
    "#         n_sample = int(n_pixels * sample_size)\n",
    "#     else:\n",
    "#         n_sample = int(sample_size)\n",
    "#     n_sample = min(n_sample, n_pixels)\n",
    "    \n",
    "#     all_coords = np.arange(n_pixels)\n",
    "#     sampled_coords = np.random.choice(all_coords, size=n_sample, replace=False)\n",
    "#     rows = sampled_coords // w\n",
    "#     cols = sampled_coords % w\n",
    "\n",
    "#     with tqdm(total = 2, desc = \"Estimating prior\") as pbar:\n",
    "\n",
    "#         da_sel = da.values[:, rows, cols]\n",
    "#         pbar.update(1)\n",
    "\n",
    "#         valid_all = ~np.any(mask[:, rows, cols], axis=0)\n",
    "#         valid_px = da_sel[:, valid_all]\n",
    "        \n",
    "#         mu = np.mean(valid_px, axis=1)\n",
    "#         sigma = np.cov(valid_px) if valid_px.shape[0] > 1 else np.eye(n_bands)\n",
    "#         sigma += np.eye(n_bands) * 1e-6\n",
    "#         pbar.update(1)\n",
    "    \n",
    "#     return mu, sigma"
   ]
  },
  {
   "cell_type": "code",
   "execution_count": 15,
   "id": "13",
   "metadata": {},
   "outputs": [],
   "source": [
    "class SatCorrector:\n",
    "    \"\"\"\n",
    "    Bayesian saturation correction from Zhang et al 2004, implementing Eq. 11 for single band saturation.\n",
    "    \n",
    "    Extended to also correct edge-contaminated bands (pixels adjacent to saturated clusters).\n",
    "    Saturated bands use the full truncated-normal estimator (Eq. 11); edge-contaminated bands\n",
    "    use the conditional mean only (no truncation correction, since their value is below threshold).\n",
    "    \n",
    "    Note: Zhang & Brainard tested and validated the sequential procedure for up to 2 saturated bands\n",
    "    (on RGB imagery). This implementation extends to multiple bands but may be less reliable beyond 2-3.\n",
    "    \"\"\"\n",
    "    def __init__(self, prior_mean: np.ndarray, prior_cov: np.ndarray, noise_variance: float = 1e-4, max_filled_bands: int = 2):\n",
    "        self.prior_mean = prior_mean\n",
    "        self.prior_cov = prior_cov\n",
    "        self.noise_variance = noise_variance\n",
    "        self.max_filled_bands = max_filled_bands\n",
    "        self.n_bands = len(prior_mean)\n",
    "        \n",
    "        if max_filled_bands < 1:\n",
    "            raise ValueError(\"max_filled_bands must be at least 1\")\n",
    "        \n",
    "        if max_filled_bands > self.n_bands:\n",
    "            raise ValueError(f\"max_filled_bands ({max_filled_bands}) cannot exceed n_bands ({self.n_bands})\")\n",
    "\n",
    "        try:\n",
    "            self._cov_inverse = np.linalg.inv(prior_cov)\n",
    "        except np.linalg.LinAlgError:\n",
    "            self._cov_inverse = np.linalg.pinv(prior_cov)\n",
    "\n",
    "    def _compute_Z(self, threshold, mu, sigma):\n",
    "        \"\"\"\n",
    "        As per Eq 12 of Zhang et al 2004, compute Z = 1 - Phi((s - mu) / sqrt{sigma}). \n",
    "        \"\"\"\n",
    "        if sigma <= 0:\n",
    "            return 0.0 if threshold > mu else 1.0\n",
    "        std = np.sqrt(sigma)\n",
    "        z_score = (threshold - mu) / std\n",
    "        return 1.0 - stats.norm.cdf(z_score)\n",
    "\n",
    "    def _compute_conditional_params(self, observed_k, corrupt_idx):\n",
    "        \"\"\"\n",
    "        Compute conditional distribution parameters P(X_corrupt | Y_clean = k).\n",
    "        \n",
    "        From Equation 3 of the paper:\n",
    "        mu_xs = mu_s + S_sk(S_k + S_ek)^(-1)(k - mu_k)\n",
    "        S_xs = S_s - S_sk(S_k + S_ek)^(-1)S_sk^T\n",
    "        \"\"\"\n",
    "        n_corrupt = len(corrupt_idx)\n",
    "        clean_idx = np.setdiff1d(np.arange(self.n_bands), corrupt_idx)\n",
    "        n_clean = len(clean_idx)\n",
    "\n",
    "        if n_clean == 0:\n",
    "            mu_cond = self.prior_mean[corrupt_idx]\n",
    "            sigma_cond = self.prior_cov[np.ix_(corrupt_idx, corrupt_idx)]\n",
    "            return mu_cond, sigma_cond\n",
    "        \n",
    "        mu_s = self.prior_mean[corrupt_idx]\n",
    "        mu_k = self.prior_mean[clean_idx]\n",
    "        sigma_s = self.prior_cov[np.ix_(corrupt_idx, corrupt_idx)]\n",
    "        sigma_k = self.prior_cov[np.ix_(clean_idx, clean_idx)]\n",
    "        sigma_sk = self.prior_cov[np.ix_(corrupt_idx, clean_idx)]\n",
    "\n",
    "        innovation = observed_k - mu_k\n",
    "        sigma_k_noisy = sigma_k + np.eye(n_clean) * self.noise_variance\n",
    "\n",
    "        try:\n",
    "            sigma_k_inv = np.linalg.inv(sigma_k_noisy)\n",
    "        except np.linalg.LinAlgError:\n",
    "            sigma_k_inv = np.linalg.pinv(sigma_k_noisy)\n",
    "\n",
    "        mu_xs = mu_s + sigma_sk @ sigma_k_inv @ innovation\n",
    "        sigma_xs = sigma_s - sigma_sk @ sigma_k_inv @ sigma_sk.T\n",
    "\n",
    "        return mu_xs, sigma_xs\n",
    "\n",
    "    def _estimate_single_saturated(self, mu, sigma, saturation_threshold=1.0):\n",
    "        \"\"\"\n",
    "        Estimate true value for a single saturated band using Eq 11 of Zhang et al 2004.\n",
    "        Uses truncated-normal correction because the observed value is known to exceed threshold.\n",
    "        \"\"\"\n",
    "        if sigma <= 0:\n",
    "            return mu\n",
    "\n",
    "        std = np.sqrt(sigma)\n",
    "        z_prob = self._compute_Z(saturation_threshold, mu, sigma)\n",
    "        \n",
    "        if z_prob < 1e-6:\n",
    "            return mu\n",
    "        \n",
    "        z_score = (saturation_threshold - mu) / std\n",
    "        exp_term = np.exp(-0.5 * z_score**2)\n",
    "        numerator = std / np.sqrt(2 * np.pi) * exp_term\n",
    "        correction = numerator / z_prob\n",
    "        \n",
    "        return mu + correction\n",
    "\n",
    "    def correct_pixels(self, pixel, sat_mask, edge_mask=None, saturation_threshold=1.0):\n",
    "        \"\"\"\n",
    "        Correct saturated and edge-contaminated values in a single pixel.\n",
    "        - Saturated bands (sat_mask=True): estimated via truncated-normal (Eq. 11). Value is above threshold and the truncation correction applies.\n",
    "        - Edge bands (edge_mask=True, sat_mask=False): estimated via conditional mean only. Value is below threshold but biased; no truncation correction.\n",
    "        - Clean bands (neither saturated nor edge): used to condition the distribution.\n",
    "        \"\"\"\n",
    "        corrected = pixel.copy().astype(float)\n",
    "        sat_mask = sat_mask.astype(bool)\n",
    "        edge_mask = edge_mask.astype(bool) if edge_mask is not None else np.zeros_like(sat_mask)\n",
    "\n",
    "        # Bands to correct: saturated OR edge-contaminated\n",
    "        corrupt_mask = sat_mask | edge_mask\n",
    "\n",
    "        if not np.any(corrupt_mask):\n",
    "            return corrected\n",
    "\n",
    "        corrupt_idx = np.where(corrupt_mask)[0]\n",
    "        clean_idx   = np.where(~corrupt_mask)[0]\n",
    "        n_corrupt   = len(corrupt_idx)\n",
    "\n",
    "        if n_corrupt > self.max_filled_bands:\n",
    "            return np.full_like(corrected, np.nan)\n",
    "\n",
    "        if len(clean_idx) == 0:\n",
    "            return np.full_like(corrected, np.nan)\n",
    "\n",
    "        observed_clean = pixel[clean_idx]\n",
    "        mu_xs, sigma_xs = self._compute_conditional_params(observed_clean, corrupt_idx)\n",
    "\n",
    "        for i, band_idx in enumerate(corrupt_idx):\n",
    "            mu_cond    = mu_xs if np.isscalar(mu_xs) else mu_xs[i]\n",
    "            sigma_cond = sigma_xs if np.isscalar(sigma_xs) else sigma_xs[i, i]\n",
    "\n",
    "            if sat_mask[band_idx]:\n",
    "                # Saturated: use truncated-normal estimator (Eq. 11)\n",
    "                corrected[band_idx] = self._estimate_single_saturated(mu_cond, sigma_cond, saturation_threshold)\n",
    "            else:\n",
    "                # Edge-contaminated: use conditional mean directly\n",
    "                corrected[band_idx] = mu_cond\n",
    "\n",
    "        corrected = np.clip(corrected, 0.0, 1.0)\n",
    "        return corrected\n",
    "\n",
    "    def correct_image(self, img, sat_mask, edge_mask=None, saturation_threshold=1.0, verbose=False):\n",
    "        \"\"\"\n",
    "        Correct saturation and edge contamination in an image.\n",
    "        \"\"\"\n",
    "        n_bands, h, w = img.shape\n",
    "        corrected = img.astype(float)\n",
    "\n",
    "        edge_mask = edge_mask if edge_mask is not None else np.zeros_like(sat_mask)\n",
    "        corrupt_mask = sat_mask | edge_mask\n",
    "\n",
    "        pixels_needing_correction = np.any(corrupt_mask, axis=0)\n",
    "        n_to_correct = np.sum(pixels_needing_correction)\n",
    "\n",
    "        if verbose:\n",
    "            pct = 100.0 * n_to_correct / (h * w)\n",
    "            tqdm.write(f\"Processing {n_to_correct:,} / {h*w:,} pixels ({pct:.2f}% need correction)\")\n",
    "            n_exceed = np.sum(np.sum(corrupt_mask, axis=0) > self.max_filled_bands)\n",
    "            if n_exceed > 0:\n",
    "                tqdm.write(f\"Warning: {n_exceed:,} pixels exceed max_filled_bands — will be masked NaN\")\n",
    "\n",
    "        img_flat     = img.reshape(n_bands, -1)\n",
    "        sat_flat     = sat_mask.reshape(n_bands, -1)\n",
    "        edge_flat    = edge_mask.reshape(n_bands, -1)\n",
    "        corr_flat    = corrected.reshape(n_bands, -1)\n",
    "\n",
    "        pix_idx = np.where(pixels_needing_correction.ravel())[0]\n",
    "\n",
    "        for idx in pix_idx:\n",
    "            corr_flat[:, idx] = self.correct_pixels(\n",
    "                img_flat[:, idx],\n",
    "                sat_flat[:, idx],\n",
    "                edge_flat[:, idx],\n",
    "                saturation_threshold,\n",
    "            )\n",
    "\n",
    "        if verbose:\n",
    "            tqdm.write(f\"Corrected {len(pix_idx):,} pixels\")\n",
    "\n",
    "        return corrected\n",
    "\n",
    "    def apply_correction(self, da, sat_mask, chunks, edge_mask=None, max_chunks=None, parallel=False, n_workers=1, RAM_mb=2048):\n",
    "        \"\"\"\n",
    "        Apply saturation and edge-contamination correction chunk by chunk. Chunks with neither saturation nor edge contamination are yielded unmodified.\n",
    "        \"\"\"\n",
    "        h, w = da.shape[1], da.shape[2]\n",
    "        _edge = edge_mask if edge_mask is not None else np.zeros_like(sat_mask)\n",
    "\n",
    "        chunks_list = [(i, j) for i in range(0, h, chunks) for j in range(0, w, chunks)]\n",
    "        if max_chunks:\n",
    "            chunks_list = chunks_list[:max_chunks]\n",
    "        \n",
    "        chunk_size_bytes = chunks * chunks * 8 * 4  # 8 bands * 4 bytes (float32)\n",
    "        batch_size = max(1, int(RAM_mb * 1e6 / chunk_size_bytes))\n",
    "        total_batches = (len(chunks_list) + batch_size - 1) // batch_size\n",
    "        \n",
    "        tqdm.write(f\"RAM limit: {RAM_mb} MB | Batch size: {batch_size} chunks | Total batches: {total_batches}\")\n",
    "        \n",
    "        for batch_start in range(0, len(chunks_list), batch_size):\n",
    "            batch_num = batch_start // batch_size + 1\n",
    "            batch_end = min(batch_start + batch_size, len(chunks_list))\n",
    "            batch_chunks = chunks_list[batch_start:batch_end]\n",
    "            \n",
    "            loaded_batch = []\n",
    "            for i_start, j_start in tqdm(batch_chunks, desc=f\"[{batch_num}/{total_batches}] Loading batch\", unit=\"chunk\"):\n",
    "                i_end = min(i_start + chunks, h)\n",
    "                j_end = min(j_start + chunks, w)\n",
    "                \n",
    "                sat_chunk  = sat_mask[:, i_start:i_end, j_start:j_end]\n",
    "                edge_chunk = _edge[:, i_start:i_end, j_start:j_end]\n",
    "\n",
    "                # Skip chunks with no corruption\n",
    "                if not np.any(sat_chunk) and not np.any(edge_chunk):\n",
    "                    img_chunk = da.isel(y=slice(i_start, i_end), x=slice(j_start, j_end)).compute().values\n",
    "                    yield i_start, j_start, img_chunk\n",
    "                    continue\n",
    "        \n",
    "                img_chunk = da.isel(y=slice(i_start, i_end), x=slice(j_start, j_end)).compute().values\n",
    "                loaded_batch.append((i_start, j_start, img_chunk, sat_chunk, edge_chunk))\n",
    "            \n",
    "            if not parallel:\n",
    "                for i_start, j_start, img_chunk, sat_chunk, edge_chunk in tqdm(loaded_batch, desc=\"Correcting\", unit=\"chunk\"):\n",
    "                    corrected_chunk = self.correct_image(img_chunk, sat_chunk, edge_chunk, verbose=False)\n",
    "                    yield i_start, j_start, corrected_chunk\n",
    "            else:\n",
    "                def correct_one_chunk(data):\n",
    "                    i_start, j_start, img_chunk, sat_chunk, edge_chunk = data\n",
    "                    return i_start, j_start, self.correct_image(img_chunk, sat_chunk, edge_chunk, verbose=False)\n",
    "                \n",
    "                results = Parallel(n_jobs=n_workers, backend='loky', verbose=0)(\n",
    "                    delayed(correct_one_chunk)(chunk_data) \n",
    "                    for chunk_data in tqdm(loaded_batch, desc=\"Correcting\", unit=\"chunk\")\n",
    "                )\n",
    "                \n",
    "                for result in tqdm(results, total=len(loaded_batch), desc=\"Writing\", unit=\"chunk\"):\n",
    "                    yield result"
   ]
  },
  {
   "cell_type": "code",
   "execution_count": 16,
   "id": "15",
   "metadata": {},
   "outputs": [],
   "source": [
    "def write_correction(out_path, da, corrected_chunks, profile_options, chunks=512):\n",
    "\n",
    "    n_bands, h, w = da.shape\n",
    "    crs = da.rio.crs\n",
    "    transform = da.rio.transform()\n",
    "    \n",
    "    profile = dict(\n",
    "        height=h,\n",
    "        width=w,\n",
    "        count=n_bands,\n",
    "        crs=crs,\n",
    "        transform=transform,\n",
    "        **profile_options,\n",
    "    )\n",
    "\n",
    "    with rasterio.open(out_path, \"w\", **profile) as dst:\n",
    "        for i_start, j_start, corrected in corrected_chunks:\n",
    "            i_end = min(i_start + chunks, h)\n",
    "            j_end = min(j_start + chunks, w)\n",
    "            window = Window(j_start, i_start, j_end - j_start, i_end - i_start)\n",
    "            dst.write(corrected, window=window)\n",
    "\n",
    "    with rasterio.open(out_path, \"r+\") as dst:\n",
    "        dst.build_overviews([2, 4, 8, 16], Resampling.average)\n",
    "        dst.update_tags(ns=\"rio_overview\", resampling=\"average\")\n",
    "\n",
    "    tqdm.write(f\"Saved: {out_path.name}\")"
   ]
  },
  {
   "cell_type": "code",
   "execution_count": 17,
   "id": "17",
   "metadata": {},
   "outputs": [
    {
     "data": {
      "application/vnd.jupyter.widget-view+json": {
       "model_id": "5055d62b219b4883ad6b6cce70fc4bf9",
       "version_major": 2,
       "version_minor": 0
      },
      "text/plain": [
       "Correcting:   0%|          | 0/4 [00:00<?, ?scene/s]"
      ]
     },
     "metadata": {},
     "output_type": "display_data"
    },
    {
     "name": "stdout",
     "output_type": "stream",
     "text": [
      "\n",
      "[Bands, H, W]: (8, 7667, 4600) | CRS: EPSG:32756 | dtype: float32\n",
      "Saturated pixels: 2,375,793 (6.74%)\n",
      "Edge contaminated pixels: 1,497,695 (4.25%)\n",
      "Prior mean: [0.03210887 0.05524236 0.06440537 0.04062674 0.02770973 0.01167446\n",
      " 0.00456916 0.00496765] | Prior cov: [[5.37055108e-04 7.57599092e-04 1.05919104e-03 1.04246952e-03\n",
      "  8.68885793e-04 4.10097746e-04 1.68373187e-04 3.77800859e-05]\n",
      " [7.57599092e-04 1.09347574e-03 1.53283180e-03 1.47379205e-03\n",
      "  1.21541911e-03 5.46351645e-04 2.17444799e-04 4.78401935e-05]\n",
      " [1.05919104e-03 1.53283180e-03 2.18561777e-03 2.11486352e-03\n",
      "  1.73659111e-03 7.81780560e-04 3.06678554e-04 6.59322283e-05]\n",
      " [1.04246952e-03 1.47379205e-03 2.11486352e-03 2.17804013e-03\n",
      "  1.82930746e-03 9.11033021e-04 3.75233184e-04 8.16257492e-05]\n",
      " [8.68885793e-04 1.21541911e-03 1.73659111e-03 1.82930746e-03\n",
      "  1.56105346e-03 8.15848883e-04 3.48461814e-04 7.66566226e-05]\n",
      " [4.10097746e-04 5.46351645e-04 7.81780560e-04 9.11033021e-04\n",
      "  8.15848883e-04 5.40759783e-04 2.67482809e-04 6.25745886e-05]\n",
      " [1.68373187e-04 2.17444799e-04 3.06678554e-04 3.75233184e-04\n",
      "  3.48461814e-04 2.67482809e-04 1.52436336e-04 4.12710775e-05]\n",
      " [3.77800859e-05 4.78401935e-05 6.59322283e-05 8.16257492e-05\n",
      "  7.66566226e-05 6.25745886e-05 4.12710775e-05 2.20567035e-03]]\n",
      "RAM limit: 4096 MB | Batch size: 488 chunks | Total batches: 1\n"
     ]
    },
    {
     "data": {
      "application/vnd.jupyter.widget-view+json": {
       "model_id": "ac291c58a97944fd884308c0813212d2",
       "version_major": 2,
       "version_minor": 0
      },
      "text/plain": [
       "[1/1] Loading batch:   0%|          | 0/135 [00:00<?, ?chunk/s]"
      ]
     },
     "metadata": {},
     "output_type": "display_data"
    },
    {
     "data": {
      "application/vnd.jupyter.widget-view+json": {
       "model_id": "67dcd2363a6a430fa2b1a81c146f5bc7",
       "version_major": 2,
       "version_minor": 0
      },
      "text/plain": [
       "Correcting:   0%|          | 0/134 [00:00<?, ?chunk/s]"
      ]
     },
     "metadata": {},
     "output_type": "display_data"
    },
    {
     "data": {
      "application/vnd.jupyter.widget-view+json": {
       "model_id": "80845c3a119b4078858134bdb7b72ce8",
       "version_major": 2,
       "version_minor": 0
      },
      "text/plain": [
       "Writing:   0%|          | 0/134 [00:00<?, ?chunk/s]"
      ]
     },
     "metadata": {},
     "output_type": "display_data"
    },
    {
     "name": "stdout",
     "output_type": "stream",
     "text": [
      "Saved: wv2-20110610-sat-corr.tif\n",
      "Catalog updated for wv2-20110610\n",
      "\n",
      "[Bands, H, W]: (8, 7667, 4600) | CRS: EPSG:32756 | dtype: float32\n",
      "Saturated pixels: 2,910,316 (8.25%)\n",
      "Edge contaminated pixels: 628,276 (1.78%)\n",
      "Prior mean: [0.02807126 0.05696351 0.06968416 0.04441571 0.03202688 0.01686097\n",
      " 0.01208954 0.00941145] | Prior cov: [[5.45670491e-04 7.55211832e-04 1.02345240e-03 8.63311967e-04\n",
      "  6.72269389e-04 2.78091528e-04 1.29658350e-04 6.24308135e-05]\n",
      " [7.55211832e-04 1.08042756e-03 1.47385612e-03 1.19196146e-03\n",
      "  9.15175572e-04 3.51146784e-04 1.62637543e-04 7.38933297e-05]\n",
      " [1.02345240e-03 1.47385612e-03 2.09133262e-03 1.73539657e-03\n",
      "  1.33169811e-03 5.17894045e-04 2.25543970e-04 9.15652462e-05]\n",
      " [8.63311967e-04 1.19196146e-03 1.73539657e-03 1.63959892e-03\n",
      "  1.31808329e-03 6.09992946e-04 2.66827312e-04 9.74423782e-05]\n",
      " [6.72269389e-04 9.15175572e-04 1.33169811e-03 1.31808329e-03\n",
      "  1.09674710e-03 5.44302679e-04 2.50830510e-04 8.70403425e-05]\n",
      " [2.78091528e-04 3.51146784e-04 5.17894045e-04 6.09992946e-04\n",
      "  5.44302679e-04 3.66592509e-04 1.92238093e-04 7.05239245e-05]\n",
      " [1.29658350e-04 1.62637543e-04 2.25543970e-04 2.66827312e-04\n",
      "  2.50830510e-04 1.92238093e-04 1.22833318e-04 5.10729688e-05]\n",
      " [6.24308135e-05 7.38933297e-05 9.15652462e-05 9.74423782e-05\n",
      "  8.70403425e-05 7.05239245e-05 5.10729688e-05 7.56065715e-05]]\n",
      "RAM limit: 4096 MB | Batch size: 488 chunks | Total batches: 1\n"
     ]
    },
    {
     "data": {
      "application/vnd.jupyter.widget-view+json": {
       "model_id": "8f8bbd73244b475b9351c547c76a9796",
       "version_major": 2,
       "version_minor": 0
      },
      "text/plain": [
       "[1/1] Loading batch:   0%|          | 0/135 [00:00<?, ?chunk/s]"
      ]
     },
     "metadata": {},
     "output_type": "display_data"
    },
    {
     "data": {
      "application/vnd.jupyter.widget-view+json": {
       "model_id": "87402d7ebeec4df185c5574d3f950424",
       "version_major": 2,
       "version_minor": 0
      },
      "text/plain": [
       "Correcting:   0%|          | 0/82 [00:00<?, ?chunk/s]"
      ]
     },
     "metadata": {},
     "output_type": "display_data"
    },
    {
     "data": {
      "application/vnd.jupyter.widget-view+json": {
       "model_id": "0eb53e5af661439ca3415a22a3c1929b",
       "version_major": 2,
       "version_minor": 0
      },
      "text/plain": [
       "Writing:   0%|          | 0/82 [00:00<?, ?chunk/s]"
      ]
     },
     "metadata": {},
     "output_type": "display_data"
    },
    {
     "name": "stdout",
     "output_type": "stream",
     "text": [
      "Saved: wv2-20120620-sat-corr.tif\n",
      "Catalog updated for wv2-20120620\n",
      "\n",
      "[Bands, H, W]: (8, 7667, 4600) | CRS: EPSG:32756 | dtype: float32\n",
      "Saturated pixels: 196,839 (0.56%)\n",
      "Edge contaminated pixels: 51,130 (0.14%)\n",
      "Prior mean: [0.12473301 0.11645274 0.09516732 0.0525195  0.03217924 0.01520264\n",
      " 0.00680286 0.00467165] | Prior cov: [[1.77456861e-04 2.87721398e-04 4.11278639e-04 2.95332129e-04\n",
      "  2.07644667e-04 5.12216388e-05 1.22029429e-05 7.09455630e-06]\n",
      " [2.87721398e-04 4.84139335e-04 6.99305712e-04 4.85285594e-04\n",
      "  3.34473989e-04 7.76273818e-05 1.76007826e-05 1.09671462e-05]\n",
      " [4.11278639e-04 6.99305712e-04 1.06774284e-03 7.65454614e-04\n",
      "  5.28756905e-04 1.25813752e-04 2.69766191e-05 1.90697539e-05]\n",
      " [2.95332129e-04 4.85285594e-04 7.65454614e-04 6.49147843e-04\n",
      "  4.80227264e-04 1.40455246e-04 3.28802916e-05 1.93821909e-05]\n",
      " [2.07644667e-04 3.34473989e-04 5.28756905e-04 4.80227264e-04\n",
      "  3.71019605e-04 1.19627985e-04 3.08401976e-05 1.73215919e-05]\n",
      " [5.12216388e-05 7.76273818e-05 1.25813752e-04 1.40455246e-04\n",
      "  1.19627985e-04 5.70655906e-05 2.15349674e-05 1.03322026e-05]\n",
      " [1.22029429e-05 1.76007826e-05 2.69766191e-05 3.28802916e-05\n",
      "  3.08401976e-05 2.15349674e-05 1.41159489e-05 6.30421986e-06]\n",
      " [7.09455630e-06 1.09671462e-05 1.90697539e-05 1.93821909e-05\n",
      "  1.73215919e-05 1.03322026e-05 6.30421986e-06 1.84293620e-04]]\n",
      "RAM limit: 4096 MB | Batch size: 488 chunks | Total batches: 1\n"
     ]
    },
    {
     "data": {
      "application/vnd.jupyter.widget-view+json": {
       "model_id": "813078ab9e774d0cacbfb33b5f19c83b",
       "version_major": 2,
       "version_minor": 0
      },
      "text/plain": [
       "[1/1] Loading batch:   0%|          | 0/135 [00:00<?, ?chunk/s]"
      ]
     },
     "metadata": {},
     "output_type": "display_data"
    },
    {
     "data": {
      "application/vnd.jupyter.widget-view+json": {
       "model_id": "b94007b84c4e41238a47eb3619a9dd39",
       "version_major": 2,
       "version_minor": 0
      },
      "text/plain": [
       "Correcting:   0%|          | 0/66 [00:00<?, ?chunk/s]"
      ]
     },
     "metadata": {},
     "output_type": "display_data"
    },
    {
     "data": {
      "application/vnd.jupyter.widget-view+json": {
       "model_id": "bf3497cfcb464647a9d8e0080a4bd4da",
       "version_major": 2,
       "version_minor": 0
      },
      "text/plain": [
       "Writing:   0%|          | 0/66 [00:00<?, ?chunk/s]"
      ]
     },
     "metadata": {},
     "output_type": "display_data"
    },
    {
     "name": "stdout",
     "output_type": "stream",
     "text": [
      "Saved: wv2-20140714-sat-corr.tif\n",
      "Catalog updated for wv2-20140714\n",
      "\n",
      "[Bands, H, W]: (8, 7667, 4600) | CRS: EPSG:32756 | dtype: float32\n",
      "Saturated pixels: 610,078 (1.73%)\n",
      "Edge contaminated pixels: 603,254 (1.71%)\n",
      "Prior mean: [0.02954416 0.0612278  0.06702672 0.03438102 0.02140499 0.00749592\n",
      " 0.00509813 0.00558006] | Prior cov: [[1.91833484e-04 2.87543724e-04 3.95325483e-04 2.83882949e-04\n",
      "  2.11134920e-04 7.98511691e-05 5.72978640e-05 3.85995677e-05]\n",
      " [2.87543724e-04 4.63299050e-04 6.46187511e-04 4.38595643e-04\n",
      "  3.16321755e-04 1.04105498e-04 7.11428294e-05 4.50269017e-05]\n",
      " [3.95325483e-04 6.46187511e-04 9.57680575e-04 6.62969891e-04\n",
      "  4.66886751e-04 1.33685596e-04 7.69992154e-05 4.32327272e-05]\n",
      " [2.83882949e-04 4.38595643e-04 6.62969891e-04 5.39145393e-04\n",
      "  4.04989647e-04 1.35846544e-04 7.61924087e-05 4.67153486e-05]\n",
      " [2.11134920e-04 3.16321755e-04 4.66886751e-04 4.04989647e-04\n",
      "  3.23504712e-04 1.24065946e-04 7.79038378e-05 5.08056577e-05]\n",
      " [7.98511691e-05 1.04105498e-04 1.33685596e-04 1.35846544e-04\n",
      "  1.24065946e-04 7.59266738e-05 6.00348135e-05 4.19437701e-05]\n",
      " [5.72978640e-05 7.11428294e-05 7.69992154e-05 7.61924087e-05\n",
      "  7.79038378e-05 6.00348135e-05 5.91548949e-05 4.03957232e-05]\n",
      " [3.85995677e-05 4.50269017e-05 4.32327272e-05 4.67153486e-05\n",
      "  5.08056577e-05 4.19437701e-05 4.03957232e-05 1.32743048e-03]]\n",
      "RAM limit: 4096 MB | Batch size: 488 chunks | Total batches: 1\n"
     ]
    },
    {
     "data": {
      "application/vnd.jupyter.widget-view+json": {
       "model_id": "de1095bfb3754d00bfc1ccd842c60a1b",
       "version_major": 2,
       "version_minor": 0
      },
      "text/plain": [
       "[1/1] Loading batch:   0%|          | 0/135 [00:00<?, ?chunk/s]"
      ]
     },
     "metadata": {},
     "output_type": "display_data"
    },
    {
     "data": {
      "application/vnd.jupyter.widget-view+json": {
       "model_id": "d618aa8db7b14c99b4028fc72cb28bc2",
       "version_major": 2,
       "version_minor": 0
      },
      "text/plain": [
       "Correcting:   0%|          | 0/135 [00:00<?, ?chunk/s]"
      ]
     },
     "metadata": {},
     "output_type": "display_data"
    },
    {
     "ename": "SystemError",
     "evalue": "deallocated bytearray object has exported buffers",
     "output_type": "error",
     "traceback": [
      "\u001b[31m---------------------------------------------------------------------------\u001b[39m",
      "\u001b[31mSystemError\u001b[39m                               Traceback (most recent call last)",
      "\u001b[31mSystemError\u001b[39m: deallocated bytearray object has exported buffers"
     ]
    },
    {
     "ename": "BrokenProcessPool",
     "evalue": "A result has failed to un-serialize. Please ensure that the objects returned by the function are always picklable.",
     "output_type": "error",
     "traceback": [
      "\u001b[31m---------------------------------------------------------------------------\u001b[39m",
      "\u001b[31m_RemoteTraceback\u001b[39m                          Traceback (most recent call last)",
      "\u001b[31m_RemoteTraceback\u001b[39m: \n\"\"\"\nTraceback (most recent call last):\n  File \"c:\\Users\\samla\\.conda\\envs\\geospat\\Lib\\site-packages\\joblib\\externals\\loky\\process_executor.py\", line 688, in wait_result_broken_or_wakeup\n    result_item = result_reader.recv()\n                  ^^^^^^^^^^^^^^^^^^^^\n  File \"c:\\Users\\samla\\.conda\\envs\\geospat\\Lib\\multiprocessing\\connection.py\", line 251, in recv\n    return _ForkingPickler.loads(buf.getbuffer())\n           ^^^^^^^^^^^^^^^^^^^^^^^^^^^^^^^^^^^^^^\nMemoryError\n\"\"\"",
      "\nThe above exception was the direct cause of the following exception:\n",
      "\u001b[31mBrokenProcessPool\u001b[39m                         Traceback (most recent call last)",
